35.18	-38.55	-129.94
35.18	-38.55	-129.94
35.0	-38.37	-128.72
35.0	-38.37	-128.72
35.0	-38.37	-128.72
35.0	-38.37	-128.72
35.0	-38.37	-128.72
35.36	-38.37	-129.42
35.36	-38.37	-129.42
35.36	-38.37	-129.42
35.36	-38.37	-129.42
35.36	-38.37	-129.42
35.72	-38.37	-130.12
35.72	-38.37	-130.12
35.72	-38.37	-130.12
35.72	-38.37	-130.12
35.72	-38.37	-130.12
35.72	-38.37	-130.12
34.46	-40.0	-128.2
34.46	-40.0	-128.2
34.46	-40.0	-128.2
34.46	-40.0	-128.2
34.46	-40.0	-128.2
34.46	-42.89	-128.55
34.46	-42.89	-128.55
34.46	-42.89	-128.55
34.46	-42.89	-128.55
34.46	-42.89	-128.55
33.19	-45.25	-129.07
33.19	-45.25	-129.07
33.19	-45.25	-129.07
33.19	-45.25	-129.07
33.19	-45.25	-129.07
30.67	-51.04	-128.03
30.67	-51.04	-128.03
30.67	-51.04	-128.03
30.67	-51.04	-128.03
30.67	-51.04	-128.03
30.67	-51.04	-128.03
30.49	-52.3	-128.9
30.49	-52.3	-128.9
30.49	-52.3	-128.9
30.49	-52.3	-128.9
30.49	-52.3	-128.9
30.49	-52.3	-128.9
30.49	-52.3	-128.9
30.49	-52.3	-128.9
30.49	-52.3	-128.9
30.49	-52.3	-128.9
30.49	-52.3	-128.9
27.24	-57.73	-129.25
27.24	-57.73	-129.25
27.24	-57.73	-129.25
27.24	-57.73	-129.25
27.24	-57.73	-129.25
24.89	-58.64	-127.68
24.89	-58.64	-127.68
24.89	-58.64	-127.68
24.89	-58.64	-127.68
24.89	-58.64	-127.68
24.89	-58.64	-127.68
19.84	-61.53	-127.68
19.84	-61.53	-127.68
19.84	-61.53	-127.68
19.84	-61.53	-127.68
19.84	-61.53	-127.68
16.24	-62.98	-127.68
16.24	-62.98	-127.68
16.24	-62.98	-127.68
16.24	-62.98	-127.68
16.24	-62.98	-127.68
11.0	-61.71	-126.81
11.0	-61.71	-126.81
11.0	-61.71	-126.81
11.0	-61.71	-126.81
11.0	-61.71	-126.81
8.12	-64.25	-125.77
8.12	-64.25	-125.77
8.12	-64.25	-125.77
8.12	-64.25	-125.77
8.12	-64.25	-125.77
5.77	-61.9	-127.33
5.95	-63.16	-126.81
5.95	-63.16	-126.81
5.95	-63.16	-126.81
5.95	-63.16	-126.81
5.95	-63.16	-126.81
3.79	-62.44	-128.2
3.79	-62.44	-128.2
3.79	-62.44	-128.2
3.79	-62.44	-128.2
3.79	-62.44	-128.2
3.79	-62.44	-128.2
3.79	-62.44	-128.2
3.79	-62.44	-128.2
3.79	-62.44	-128.2
3.79	-62.44	-128.2
3.79	-62.44	-128.2
-2.16	-61.17	-126.99
-2.16	-61.17	-126.99
-2.16	-61.17	-126.99
-2.16	-61.17	-126.99
-2.16	-61.17	-126.99
-3.25	-61.17	-126.29
-3.97	-60.81	-126.29
-3.97	-60.81	-126.29
-3.97	-60.81	-126.29
-3.97	-60.81	-126.29
-3.97	-60.81	-126.29
-5.95	-60.63	-128.2
-5.95	-60.63	-128.2
-5.95	-60.63	-128.2
-5.95	-60.63	-128.2
-5.95	-60.63	-128.2
-6.13	-59.36	-126.29
-6.13	-59.36	-126.29
-6.13	-59.36	-126.29
-6.13	-59.36	-126.29
-6.13	-59.36	-126.29
-9.38	-58.64	-126.99
-9.38	-58.64	-126.99
-9.38	-58.64	-126.99
-9.38	-58.64	-126.99
-9.38	-58.64	-126.99
-11.18	-56.83	-127.33
-10.82	-56.1	-127.33
-10.82	-56.1	-127.33
-10.82	-56.1	-127.33
-10.82	-56.1	-127.33
-10.82	-56.1	-127.33
-12.27	-55.02	-129.07
-12.27	-55.02	-129.07
-12.27	-55.02	-129.07
-12.27	-55.02	-129.07
-12.27	-55.02	-129.07
-12.27	-55.02	-129.07
-12.27	-55.02	-129.07
-12.27	-55.02	-129.07
-12.27	-55.02	-129.07
-12.27	-55.02	-129.07
-12.27	-55.02	-129.07
-12.27	-55.02	-129.07
-12.27	-55.02	-129.07
-12.27	-55.02	-129.07
-12.27	-55.02	-129.07
-12.27	-55.02	-129.07
-18.04	-50.67	-127.33
-18.04	-50.67	-127.33
-18.04	-50.67	-127.33
-18.04	-50.67	-127.33
-18.04	-50.67	-127.33
-18.04	-50.67	-127.33
-20.57	-47.06	-127.68
-20.57	-47.06	-127.68
-20.57	-47.06	-127.68
-20.57	-47.06	-127.68
-20.57	-47.06	-127.68
-22.37	-44.52	-127.33
-22.37	-44.52	-127.33
-22.37	-44.52	-127.33
-22.37	-44.52	-127.33
-22.37	-44.52	-127.33
-22.73	-42.35	-127.33
-22.73	-42.35	-127.33
-22.73	-42.35	-127.33
-22.73	-42.35	-127.33
-22.73	-42.35	-127.33
-23.81	-39.82	-127.33
-23.81	-39.82	-127.33
-23.81	-39.82	-127.33
-23.81	-39.82	-127.33
-23.81	-39.82	-127.33
-23.81	-39.82	-127.33
-23.99	-36.74	-128.2
-23.99	-36.74	-128.2
-23.99	-36.74	-128.2
-23.99	-36.74	-128.2
-23.99	-36.74	-128.2
-23.99	-36.74	-128.2
-23.99	-36.74	-128.2
-23.99	-36.74	-128.2
-23.99	-36.74	-128.2
-23.99	-36.74	-128.2
-23.99	-36.74	-128.2
-24.53	-31.85	-129.07
-24.53	-31.85	-129.07
-24.53	-31.85	-129.07
-24.53	-31.85	-129.07
-24.53	-31.85	-129.07
-24.17	-29.32	-128.03
-24.71	-28.41	-128.03
-24.71	-28.41	-128.03
-24.71	-28.41	-128.03
-24.71	-28.41	-128.03
-24.71	-28.41	-128.03
-23.27	-26.97	-127.86
-23.27	-26.97	-127.86
-23.27	-26.97	-127.86
-23.27	-26.97	-127.86
-23.27	-26.97	-127.86
-23.45	-24.61	-128.03
-23.45	-24.61	-128.03
-23.45	-24.61	-128.03
-23.45	-24.61	-128.03
-23.45	-24.61	-128.03
-24.17	-21.72	-127.33
-24.17	-21.72	-127.33
-24.17	-21.72	-127.33
-24.17	-21.72	-127.33
-24.17	-21.72	-127.33
-21.83	-18.64	-128.55
-21.83	-18.64	-128.55
-21.83	-18.64	-128.55
-21.83	-18.64	-128.55
-21.83	-18.64	-128.55
-21.83	-18.64	-128.55
-22.91	-17.56	-127.86
-22.91	-17.56	-127.86
-22.91	-17.56	-127.86
-22.91	-17.56	-127.86
-22.91	-17.56	-127.86
-19.84	-14.84	-127.68
-19.84	-14.84	-127.68
-19.84	-14.84	-127.68
-19.84	-14.84	-127.68
-19.84	-14.84	-127.68
-19.84	-14.84	-127.68
-19.84	-14.84	-127.68
-19.84	-14.84	-127.68
-19.84	-14.84	-127.68
-19.84	-14.84	-127.68
-19.84	-14.84	-127.68
-15.69	-13.57	-127.86
-15.69	-13.57	-127.86
-15.69	-13.57	-127.86
-15.69	-13.57	-127.86
-15.69	-13.57	-127.86
-15.69	-13.57	-127.86
-15.69	-13.57	-127.86
-15.69	-13.57	-127.86
-15.69	-13.57	-127.86
-15.69	-13.57	-127.86
-15.69	-13.57	-127.86
-16.06	-9.95	-128.2
-16.06	-9.95	-128.2
-16.06	-9.95	-128.2
-16.06	-9.95	-128.2
-16.06	-9.95	-128.2
-13.35	-7.96	-127.68
-13.35	-7.96	-127.68
-13.35	-7.96	-127.68
-13.35	-7.96	-127.68
-13.35	-7.96	-127.68
-13.35	-8.69	-126.99
-13.35	-8.69	-126.99
-13.35	-8.69	-126.99
-13.35	-8.69	-126.99
-13.35	-8.69	-126.99
-13.35	-8.69	-126.99
-11.18	-7.6	-128.38
-11.18	-7.6	-128.38
-11.18	-7.6	-128.38
-11.18	-7.6	-128.38
-11.18	-7.6	-128.38
-10.28	-5.61	-128.9
-10.28	-5.61	-128.9
-10.28	-5.61	-128.9
-10.28	-5.61	-128.9
-10.28	-5.61	-128.9
-7.04	-4.52	-128.55
-7.04	-4.52	-128.55
-7.04	-4.52	-128.55
-7.04	-4.52	-128.55
-7.04	-4.52	-128.55
-7.04	-4.52	-128.55
-7.04	-4.52	-128.55
-7.04	-4.52	-128.55
-7.04	-4.52	-128.55
-7.04	-4.52	-128.55
-7.04	-4.52	-128.55
-7.04	-4.52	-128.55
-7.04	-4.52	-128.55
-7.04	-4.52	-128.55
-7.04	-4.52	-128.55
-7.04	-4.52	-128.55
-7.04	-4.52	-128.55
1.62	-4.16	-129.25
1.62	-4.16	-129.25
1.62	-4.16	-129.25
1.62	-4.16	-129.25
1.62	-4.16	-129.25
3.25	-5.43	-130.81
3.25	-5.43	-130.81
3.25	-5.43	-130.81
3.25	-5.43	-130.81
3.25	-5.43	-130.81
3.61	-3.98	-131.16
3.61	-3.98	-131.16
3.61	-3.98	-131.16
3.61	-3.98	-131.16
3.61	-3.98	-131.16
3.61	-3.98	-131.16
1.26	-2.71	-129.25
1.26	-2.71	-129.25
1.26	-2.71	-129.25
1.26	-2.71	-129.25
1.26	-2.71	-129.25
-0.54	-2.71	-129.25
-0.54	-2.71	-129.25
-0.54	-2.71	-129.25
-0.54	-2.71	-129.25
-0.54	-2.71	-129.25
-4.15	-5.61	-130.99
-4.15	-5.61	-130.99
-4.15	-5.61	-130.99
-4.15	-5.61	-130.99
-4.15	-5.61	-130.99
-4.69	-5.79	-129.77
-4.69	-5.79	-129.77
-4.69	-5.79	-129.77
-4.69	-5.79	-129.77
-4.69	-5.79	-129.77
-4.69	-5.79	-129.77
-1.98	-3.08	-129.94
-1.98	-3.08	-129.94
-1.98	-3.08	-129.94
-1.98	-3.08	-129.94
-1.98	-3.08	-129.94
-1.98	-3.08	-129.94
-1.98	-3.08	-129.94
-1.98	-3.08	-129.94
-1.98	-3.08	-129.94
-1.98	-3.08	-129.94
-1.98	-3.08	-129.94
3.07	-4.16	-132.03
3.07	-4.16	-132.03
3.07	-4.16	-132.03
3.07	-4.16	-132.03
3.07	-4.16	-132.03
5.23	-5.25	-130.99
5.23	-5.25	-130.99
5.23	-5.25	-130.99
5.23	-5.25	-130.99
5.23	-5.25	-130.99
5.23	-5.25	-130.99
9.2	-3.08	-132.03
9.2	-3.08	-132.03
9.2	-3.08	-132.03
9.2	-3.08	-132.03
9.2	-3.08	-132.03
8.84	-3.44	-131.33
8.84	-3.44	-131.33
8.84	-3.44	-131.33
8.84	-3.44	-131.33
8.84	-3.44	-131.33
7.76	-3.8	-128.9
7.76	-3.8	-128.9
7.76	-3.8	-128.9
7.76	-3.8	-128.9
7.76	-3.8	-128.9
1.44	-3.26	-129.77
1.44	-3.26	-129.77
1.44	-3.26	-129.77
1.44	-3.26	-129.77
1.44	-3.26	-129.77
1.44	-3.26	-129.77
-20.38	-17.19	-130.99
-20.38	-17.19	-130.99
-20.38	-17.19	-130.99
-20.38	-17.19	-130.99
-20.38	-17.19	-130.99
-23.99	-40.36	-127.51
-23.99	-40.36	-127.51
-23.99	-40.36	-127.51
-23.99	-40.36	-127.51
-23.99	-40.36	-127.51
-23.99	-40.36	-127.51
-23.99	-40.36	-127.51
-23.99	-40.36	-127.51
-23.99	-40.36	-127.51
-23.99	-40.36	-127.51
-23.99	-40.36	-127.51
-5.41	-58.64	-125.59
-5.41	-58.64	-125.59
-5.41	-58.64	-125.59
-5.41	-58.64	-125.59
-5.41	-58.64	-125.59
-5.41	-58.64	-125.59
-3.07	-59.18	-125.77
-3.07	-59.18	-125.77
-3.07	-59.18	-125.77
-3.07	-59.18	-125.77
-3.07	-59.18	-125.77
3.07	-62.08	-124.72
3.07	-62.08	-124.72
3.07	-62.08	-124.72
3.07	-62.08	-124.72
3.07	-62.08	-124.72
9.02	-62.26	-128.03
9.02	-62.26	-128.03
9.02	-62.26	-128.03
9.02	-62.26	-128.03
9.02	-62.26	-128.03
18.58	-60.99	-127.51
18.58	-60.99	-127.51
18.58	-60.99	-127.51
18.58	-60.99	-127.51
18.58	-60.99	-127.51
18.58	-60.99	-127.51
21.83	-59.54	-126.12
21.83	-59.54	-126.12
21.83	-59.54	-126.12
21.83	-59.54	-126.12
21.83	-59.54	-126.12
27.42	-58.64	-128.38
27.42	-58.64	-128.38
27.42	-58.64	-128.38
27.42	-58.64	-128.38
27.42	-58.64	-128.38
33.73	-51.58	-128.55
33.73	-51.58	-128.55
33.73	-51.58	-128.55
33.73	-51.58	-128.55
33.73	-51.58	-128.55
33.73	-51.58	-128.55
33.73	-51.58	-128.55
33.73	-51.58	-128.55
33.73	-51.58	-128.55
33.73	-51.58	-128.55
33.73	-51.58	-128.55
33.73	-51.58	-128.55
33.73	-51.58	-128.55
33.73	-51.58	-128.55
33.73	-51.58	-128.55
33.73	-51.58	-128.55
33.73	-51.58	-128.55
39.15	-37.1	-129.94
39.15	-37.1	-129.94
39.15	-37.1	-129.94
39.15	-37.1	-129.94
39.15	-37.1	-129.94
38.6	-31.85	-130.46
38.6	-31.85	-130.46
38.6	-31.85	-130.46
38.6	-31.85	-130.46
38.6	-31.85	-130.46
37.34	-29.14	-129.25
37.34	-29.14	-129.25
37.34	-29.14	-129.25
37.34	-29.14	-129.25
37.34	-29.14	-129.25
37.34	-29.14	-129.25
35.0	-24.98	-128.38
35.0	-24.98	-128.38
35.0	-24.98	-128.38
35.0	-24.98	-128.38
35.0	-24.98	-128.38
33.55	-24.98	-130.46
33.55	-24.98	-130.46
33.55	-24.98	-130.46
33.55	-24.98	-130.46
33.55	-24.98	-130.46
33.55	-24.98	-130.46
33.55	-24.98	-130.46
33.55	-24.98	-130.46
33.55	-24.98	-130.46
33.55	-24.98	-130.46
33.55	-24.98	-130.46
31.75	-20.27	-129.77
31.75	-20.27	-129.77
31.75	-20.27	-129.77
31.75	-20.27	-129.77
31.75	-20.27	-129.77
31.75	-20.27	-129.77
31.75	-20.27	-129.77
31.75	-20.27	-129.77
31.75	-20.27	-129.77
31.75	-20.27	-129.77
31.75	-20.27	-129.77
29.95	-15.93	-131.86
29.95	-15.93	-131.86
29.95	-15.93	-131.86
29.95	-15.93	-131.86
29.95	-15.93	-131.86
31.21	-15.75	-132.03
31.21	-15.75	-132.03
31.21	-15.75	-132.03
31.21	-15.75	-132.03
31.21	-15.75	-132.03
27.6	-13.94	-131.33
27.6	-13.94	-131.33
27.6	-13.94	-131.33
27.6	-13.94	-131.33
27.6	-13.94	-131.33
27.6	-13.94	-131.33
23.99	-11.04	-131.33
23.99	-11.04	-131.33
23.99	-11.04	-131.33
23.99	-11.04	-131.33
23.99	-11.04	-131.33
22.37	-10.13	-130.81
22.37	-10.13	-130.81
22.37	-10.13	-130.81
22.37	-10.13	-130.81
22.37	-10.13	-130.81
22.37	-10.5	-131.16
22.37	-10.5	-131.16
22.37	-10.5	-131.16
22.37	-10.5	-131.16
22.37	-10.5	-131.16
22.37	-10.5	-131.16
22.37	-10.5	-131.16
22.37	-10.5	-131.16
22.37	-10.5	-131.16
22.37	-10.5	-131.16
22.37	-10.5	-131.16
22.37	-10.5	-131.16
22.37	-10.5	-131.16
22.37	-10.5	-131.16
22.37	-10.5	-131.16
22.37	-10.5	-131.16
22.37	-10.5	-131.16
21.47	-8.87	-130.64
21.47	-8.87	-130.64
21.47	-8.87	-130.64
21.47	-8.87	-130.64
21.47	-8.87	-130.64
19.48	-8.33	-130.46
19.48	-8.33	-130.46
19.48	-8.33	-130.46
19.48	-8.33	-130.46
19.48	-8.33	-130.46
18.22	-7.78	-130.64
18.22	-7.78	-130.64
18.22	-7.78	-130.64
18.22	-7.78	-130.64
18.22	-7.78	-130.64
18.22	-7.78	-130.64
14.61	-5.25	-131.68
14.61	-5.25	-131.68
14.61	-5.25	-131.68
14.61	-5.25	-131.68
14.61	-5.25	-131.68
12.09	-5.97	-130.29
12.09	-5.97	-130.29
12.09	-5.97	-130.29
12.09	-5.97	-130.29
12.09	-5.97	-130.29
11.91	-6.15	-131.51
11.91	-6.15	-131.51
11.91	-6.15	-131.51
11.91	-6.15	-131.51
11.91	-6.15	-131.51
10.28	-5.25	-130.64
10.28	-5.25	-130.64
10.28	-5.25	-130.64
10.28	-5.25	-130.64
10.28	-5.25	-130.64
10.28	-5.25	-130.64
6.86	-5.79	-131.16
6.86	-5.79	-131.16
6.86	-5.79	-131.16
6.86	-5.79	-131.16
6.86	-5.79	-131.16
6.86	-5.79	-131.16
6.86	-5.79	-131.16
6.86	-5.79	-131.16
6.86	-5.79	-131.16
6.86	-5.79	-131.16
6.86	-5.79	-131.16
27.24	-14.66	-130.64
27.24	-14.66	-130.64
27.24	-14.66	-130.64
27.24	-14.66	-130.64
27.24	-14.66	-130.64
34.64	-24.61	-130.81
34.64	-24.61	-130.81
34.64	-24.61	-130.81
34.64	-24.61	-130.81
34.64	-24.61	-130.81
34.64	-24.61	-130.81
34.46	-49.41	-129.25
34.46	-49.41	-129.25
34.46	-49.41	-129.25
34.46	-49.41	-129.25
34.46	-49.41	-129.25
27.78	-57.91	-129.07
27.78	-57.91	-129.07
27.78	-57.91	-129.07
27.78	-57.91	-129.07
27.78	-57.91	-129.07
31.75	-53.57	-128.72
31.75	-53.57	-128.72
31.75	-53.57	-128.72
31.75	-53.57	-128.72
31.75	-53.57	-128.72
31.75	-51.76	-129.07
31.75	-51.76	-129.07
31.75	-51.76	-129.07
31.75	-51.76	-129.07
31.75	-51.76	-129.07
32.83	-51.76	-129.07
31.93	-53.39	-128.55
31.93	-53.39	-128.55
31.93	-53.39	-128.55
31.93	-53.39	-128.55
31.93	-53.39	-128.55
30.85	-55.2	-128.55
30.85	-55.2	-128.55
30.85	-55.2	-128.55
30.85	-55.2	-128.55
30.85	-55.2	-128.55
30.85	-55.2	-128.55
30.85	-55.2	-128.55
30.85	-55.2	-128.55
30.85	-55.2	-128.55
30.85	-55.2	-128.55
30.85	-55.2	-128.55
32.47	-43.44	-114.11
32.47	-43.44	-114.11
32.47	-43.44	-114.11
32.47	-43.44	-114.11
32.47	-43.44	-114.11
32.83	-41.99	-113.77
32.65	-41.44	-112.55
32.65	-41.44	-112.55
32.65	-41.44	-112.55
32.65	-41.44	-112.55
32.65	-41.44	-112.55
32.65	-41.08	-113.24
32.65	-41.08	-113.24
32.65	-41.08	-113.24
32.65	-41.08	-113.24
32.65	-41.08	-113.24
32.11	-41.63	-113.42
32.11	-41.63	-113.42
32.11	-41.63	-113.42
32.11	-41.63	-113.42
32.11	-41.63	-113.42
32.65	-44.7	-113.94
32.65	-44.7	-113.94
32.65	-44.7	-113.94
32.65	-44.7	-113.94
32.65	-44.7	-113.94
32.65	-44.7	-113.94
32.65	-47.96	-119.16
32.65	-47.96	-119.16
32.65	-47.96	-119.16
32.65	-47.96	-119.16
32.65	-47.96	-119.16
32.65	-47.96	-119.16
32.65	-47.96	-119.16
32.65	-47.96	-119.16
32.65	-47.96	-119.16
32.65	-47.96	-119.16
32.65	-47.96	-119.16
31.03	-51.76	-120.38
31.03	-51.76	-120.38
31.03	-51.76	-120.38
31.03	-51.76	-120.38
31.03	-51.76	-120.38
31.57	-54.48	-126.81
31.57	-54.48	-126.81
31.57	-54.48	-126.81
31.57	-54.48	-126.81
31.57	-54.48	-126.81
32.65	-53.03	-127.51
32.11	-54.29	-127.68
32.11	-54.29	-127.68
32.11	-54.29	-127.68
32.11	-54.29	-127.68
32.11	-54.29	-127.68
31.93	-52.67	-134.81
31.93	-52.67	-134.81
31.93	-52.67	-134.81
31.93	-52.67	-134.81
31.93	-52.67	-134.81
31.03	-50.67	-138.81
31.03	-50.67	-138.81
31.03	-50.67	-138.81
31.03	-50.67	-138.81
31.03	-50.67	-138.81
31.03	-48.86	-138.12
31.03	-48.86	-138.12
31.03	-48.86	-138.12
31.03	-48.86	-138.12
31.03	-48.86	-138.12
32.47	-48.14	-139.16
32.47	-48.14	-139.16
32.47	-48.14	-139.16
32.47	-48.14	-139.16
32.47	-48.14	-139.16
32.47	-48.14	-139.16
32.83	-44.16	-139.16
32.83	-44.16	-139.16
32.83	-44.16	-139.16
32.83	-44.16	-139.16
32.83	-44.16	-139.16
32.83	-44.16	-139.16
32.83	-44.16	-139.16
32.83	-44.16	-139.16
32.83	-44.16	-139.16
32.83	-44.16	-139.16
32.83	-44.16	-139.16
34.28	-43.8	-135.34
34.28	-43.8	-135.34
34.28	-43.8	-135.34
34.28	-43.8	-135.34
34.28	-43.8	-135.34
33.73	-44.7	-133.42
32.83	-0.36	-133.42
32.83	-0.36	-133.42
32.83	-0.36	-133.42
32.83	-0.36	-133.42
32.83	-0.36	-133.42
30.67	-48.5	-128.72
30.67	-48.5	-128.72
30.67	-48.5	-128.72
30.67	-48.5	-128.72
30.67	-48.5	-128.72
28.32	-54.11	-126.12
28.32	-54.11	-126.12
28.32	-54.11	-126.12
28.32	-54.11	-126.12
28.32	-54.11	-126.12
20.75	-57.37	-127.16
20.75	-57.37	-127.16
20.75	-57.37	-127.16
20.75	-57.37	-127.16
20.75	-57.37	-127.16
35.9	-40.0	-127.16
35.9	-40.0	-127.16
35.9	-40.0	-127.16
35.9	-40.0	-127.16
35.9	-40.0	-127.16
35.9	-40.0	-127.16
36.62	-31.67	-127.86
36.62	-31.67	-127.86
36.62	-31.67	-127.86
36.62	-31.67	-127.86
36.62	-31.67	-127.86
36.62	-31.67	-127.86
36.62	-31.67	-127.86
36.62	-31.67	-127.86
36.62	-31.67	-127.86
36.62	-31.67	-127.86
36.62	-31.67	-127.86
33.37	-32.4	-129.94
33.37	-32.4	-129.94
33.37	-32.4	-129.94
33.37	-32.4	-129.94
33.37	-32.4	-129.94
34.64	-35.47	-130.12
34.64	-35.47	-130.12
34.64	-35.47	-130.12
34.64	-35.47	-130.12
34.64	-35.47	-130.12
34.64	-35.47	-130.12
33.37	-43.25	-126.81
33.37	-43.25	-126.81
33.37	-43.25	-126.81
33.37	-43.25	-126.81
33.37	-43.25	-126.81
34.64	-38.01	-119.68
34.64	-38.01	-119.68
34.64	-38.01	-119.68
34.64	-38.01	-119.68
34.64	-38.01	-119.68
33.19	-35.11	-120.38
33.19	-35.11	-120.38
33.19	-35.11	-120.38
33.19	-35.11	-120.38
33.19	-35.11	-120.38
32.29	-35.29	-123.68
32.29	-35.29	-123.68
32.29	-35.29	-123.68
32.29	-35.29	-123.68
32.29	-35.29	-123.68
32.29	-35.29	-123.68
32.83	-34.02	-124.2
32.83	-34.02	-124.2
32.83	-34.02	-124.2
32.83	-34.02	-124.2
32.83	-34.02	-124.2
32.83	-34.02	-124.2
32.83	-34.02	-124.2
32.83	-34.02	-124.2
32.83	-34.02	-124.2
32.83	-34.02	-124.2
32.83	-34.02	-124.2
33.19	-34.39	-123.51
33.19	-34.39	-123.51
33.19	-34.39	-123.51
33.19	-34.39	-123.51
33.19	-34.39	-123.51
33.55	-34.75	-124.55
33.55	-34.75	-124.55
33.55	-34.75	-124.55
33.55	-34.75	-124.55
33.55	-34.75	-124.55
33.55	-34.75	-124.55
32.29	-45.06	-124.72
32.29	-45.06	-124.72
32.29	-45.06	-124.72
32.29	-45.06	-124.72
32.29	-45.06	-124.72
32.65	-53.03	-134.47
32.65	-53.03	-134.47
32.65	-53.03	-134.47
32.65	-53.03	-134.47
32.65	-53.03	-134.47
33.01	-55.2	-136.55
33.01	-55.2	-136.55
33.01	-55.2	-136.55
33.01	-55.2	-136.55
33.01	-55.2	-136.55
28.5	-58.64	-135.68
28.5	-58.64	-135.68
28.5	-58.64	-135.68
28.5	-58.64	-135.68
28.5	-58.64	-135.68
28.5	-58.64	-135.68
25.98	-60.09	-132.9
25.98	-60.09	-132.9
25.98	-60.09	-132.9
25.98	-60.09	-132.9
25.98	-60.09	-132.9
25.98	-60.09	-132.9
25.98	-60.09	-132.9
25.98	-60.09	-132.9
25.98	-60.09	-132.9
25.98	-60.09	-132.9
25.98	-60.09	-132.9
27.06	-59.0	-135.34
27.06	-59.0	-135.34
27.06	-59.0	-135.34
27.06	-59.0	-135.34
27.06	-59.0	-135.34
26.88	-58.09	-133.42
26.88	-58.09	-133.42
26.88	-58.09	-133.42
26.88	-58.09	-133.42
26.88	-58.09	-133.42
26.88	-58.09	-133.42
29.58	-53.57	-127.33
29.58	-53.57	-127.33
29.58	-53.57	-127.33
29.58	-53.57	-127.33
29.58	-53.57	-127.33
30.31	-45.25	-118.98
30.31	-45.25	-118.98
30.31	-45.25	-118.98
30.31	-45.25	-118.98
30.31	-45.25	-118.98
30.13	-43.25	-117.42
30.13	-43.25	-117.42
30.13	-43.25	-117.42
30.13	-43.25	-117.42
30.13	-43.25	-117.42
30.31	-47.06	-117.59
30.31	-47.06	-117.59
30.31	-47.06	-117.59
30.31	-47.06	-117.59
30.31	-47.06	-117.59
30.31	-47.06	-117.59
29.58	-52.48	-123.51
29.58	-52.48	-123.51
29.58	-52.48	-123.51
29.58	-52.48	-123.51
29.58	-52.48	-123.51
29.58	-52.48	-123.51
29.58	-52.48	-123.51
29.58	-52.48	-123.51
29.58	-52.48	-123.51
29.58	-52.48	-123.51
29.58	-52.48	-123.51
31.39	-45.97	-118.64
31.39	-45.97	-118.64
31.39	-45.97	-118.64
31.39	-45.97	-118.64
31.39	-45.97	-118.64
30.85	-41.81	-117.42
30.85	-41.81	-117.42
30.85	-41.81	-117.42
30.85	-41.81	-117.42
30.85	-41.81	-117.42
30.85	-41.81	-117.42
28.86	-37.64	-116.9
28.86	-37.64	-116.9
28.86	-37.64	-116.9
28.86	-37.64	-116.9
28.86	-37.64	-116.9
31.39	-34.39	-117.94
31.39	-34.39	-117.94
31.39	-34.39	-117.94
31.39	-34.39	-117.94
31.39	-34.39	-117.94
29.4	-32.03	-115.33
29.4	-32.03	-115.33
29.4	-32.03	-115.33
29.4	-32.03	-115.33
29.4	-32.03	-115.33
30.31	-32.21	-115.85
30.31	-32.21	-115.85
30.31	-32.21	-115.85
30.31	-32.21	-115.85
30.31	-32.21	-115.85
30.31	-32.21	-115.85
31.03	-40.54	-113.77
31.03	-40.54	-113.77
31.03	-40.54	-113.77
31.03	-40.54	-113.77
31.03	-40.54	-113.77
31.03	-40.54	-113.77
31.03	-40.54	-113.77
31.03	-40.54	-113.77
31.03	-40.54	-113.77
31.03	-40.54	-113.77
31.03	-40.54	-113.77
33.19	-56.83	-136.03
33.19	-56.83	-136.03
33.19	-56.83	-136.03
33.19	-56.83	-136.03
33.19	-56.83	-136.03
31.39	-52.48	-140.21
31.39	-52.48	-140.21
31.39	-52.48	-140.21
31.39	-52.48	-140.21
31.39	-52.48	-140.21
31.39	-52.48	-140.21
33.01	-48.32	-142.47
33.01	-48.32	-142.47
33.01	-48.32	-142.47
33.01	-48.32	-142.47
33.01	-48.32	-142.47
30.67	-48.14	-139.86
30.67	-48.14	-139.86
30.67	-48.14	-139.86
30.67	-48.14	-139.86
30.67	-48.14	-139.86
29.22	-49.95	-134.64
29.22	-49.95	-134.64
29.22	-49.95	-134.64
29.22	-49.95	-134.64
29.22	-49.95	-134.64
29.4	-49.77	-135.51
29.4	-49.77	-135.51
29.4	-49.77	-135.51
29.4	-49.77	-135.51
29.4	-49.77	-135.51
29.4	-49.77	-135.51
31.03	-51.4	-136.03
31.03	-51.4	-136.03
31.03	-51.4	-136.03
31.03	-51.4	-136.03
31.03	-51.4	-136.03
31.03	-51.4	-136.03
31.03	-51.4	-136.03
31.03	-51.4	-136.03
31.03	-51.4	-136.03
31.03	-51.4	-136.03
31.03	-51.4	-136.03
29.58	-53.57	-141.25
29.58	-53.57	-141.25
29.58	-53.57	-141.25
29.58	-53.57	-141.25
29.58	-53.57	-141.25
28.68	-50.13	-143.51
28.68	-50.13	-143.51
28.68	-50.13	-143.51
28.68	-50.13	-143.51
28.68	-50.13	-143.51
28.68	-50.13	-143.51
28.68	-46.51	-145.95
28.68	-46.51	-145.95
28.68	-46.51	-145.95
28.68	-46.51	-145.95
28.68	-46.51	-145.95
27.96	-45.79	-146.29
27.96	-45.79	-146.29
27.96	-45.79	-146.29
27.96	-45.79	-146.29
27.96	-45.79	-146.29
28.5	-45.97	-146.12
28.5	-45.97	-146.12
28.5	-45.97	-146.12
28.5	-45.97	-146.12
28.5	-45.97	-146.12
28.5	-44.16	-145.77
28.5	-44.16	-145.77
28.5	-44.16	-145.77
28.5	-44.16	-145.77
28.5	-44.16	-145.77
28.5	-44.16	-145.77
28.86	-43.8	-145.42
28.86	-43.8	-145.42
28.86	-43.8	-145.42
28.86	-43.8	-145.42
28.86	-43.8	-145.42
28.86	-43.8	-145.42
28.86	-43.8	-145.42
28.86	-43.8	-145.42
28.86	-43.8	-145.42
28.86	-43.8	-145.42
28.86	-43.8	-145.42
29.04	-37.83	-145.95
29.04	-37.83	-145.95
29.04	-37.83	-145.95
29.04	-37.83	-145.95
29.04	-37.83	-145.95
28.32	-38.19	-146.29
28.32	-38.19	-146.29
28.32	-38.19	-146.29
28.32	-38.19	-146.29
28.32	-38.19	-146.29
28.32	-38.19	-146.29
31.75	-35.83	-146.47
31.75	-35.83	-146.47
31.75	-35.83	-146.47
31.75	-35.83	-146.47
31.75	-35.83	-146.47
30.31	-38.37	-146.82
30.31	-38.37	-146.82
30.31	-38.37	-146.82
30.31	-38.37	-146.82
30.31	-38.37	-146.82
26.16	-40.0	-150.47
26.16	-40.0	-150.47
26.16	-40.0	-150.47
26.16	-40.0	-150.47
26.16	-40.0	-150.47
26.52	-40.36	-151.86
26.52	-40.36	-151.86
26.52	-40.36	-151.86
26.52	-40.36	-151.86
26.52	-40.36	-151.86
26.52	-40.36	-151.86
25.98	-43.07	-151.69
25.98	-43.07	-151.69
25.98	-43.07	-151.69
25.98	-43.07	-151.69
25.98	-43.07	-151.69
25.98	-43.07	-151.69
25.98	-43.07	-151.69
25.98	-43.07	-151.69
25.98	-43.07	-151.69
25.98	-43.07	-151.69
25.98	-43.07	-151.69
22.55	-45.06	-152.56
22.55	-45.06	-152.56
22.55	-45.06	-152.56
22.55	-45.06	-152.56
22.55	-45.06	-152.56
20.02	-47.24	-153.25
20.02	-47.24	-153.25
20.02	-47.24	-153.25
20.02	-47.24	-153.25
20.02	-47.24	-153.25
20.02	-47.24	-153.25
20.38	-48.32	-153.95
20.38	-48.32	-153.95
20.38	-48.32	-153.95
20.38	-48.32	-153.95
20.38	-48.32	-153.95
18.76	-49.59	-154.82
18.76	-49.59	-154.82
18.76	-49.59	-154.82
18.76	-49.59	-154.82
18.76	-49.59	-154.82
18.94	-50.49	-153.6
18.94	-50.49	-153.6
18.94	-50.49	-153.6
18.94	-50.49	-153.6
18.94	-50.49	-153.6
19.3	-51.22	-154.64
19.3	-51.22	-154.64
19.3	-51.22	-154.64
19.3	-51.22	-154.64
19.3	-51.22	-154.64
19.3	-51.22	-154.64
17.68	-53.21	-153.77
17.68	-53.21	-153.77
17.68	-53.21	-153.77
17.68	-53.21	-153.77
17.68	-53.21	-153.77
17.68	-53.21	-153.77
17.68	-53.21	-153.77
17.68	-53.21	-153.77
17.68	-53.21	-153.77
17.68	-53.21	-153.77
17.68	-53.21	-153.77
15.87	-56.47	-152.73
15.87	-56.47	-152.73
15.87	-56.47	-152.73
15.87	-56.47	-152.73
15.87	-56.47	-152.73
12.99	-58.64	-152.73
12.99	-58.64	-152.73
12.99	-58.64	-152.73
12.99	-58.64	-152.73
12.99	-58.64	-152.73
12.99	-58.64	-152.73
12.63	-61.17	-149.95
12.63	-61.17	-149.95
12.63	-61.17	-149.95
12.63	-61.17	-149.95
12.63	-61.17	-149.95
9.92	-64.25	-148.73
9.92	-64.25	-148.73
9.92	-64.25	-148.73
9.92	-64.25	-148.73
9.92	-64.25	-148.73
9.02	-64.79	-148.56
9.02	-64.79	-148.56
9.02	-64.79	-148.56
9.02	-64.79	-148.56
9.02	-64.79	-148.56
9.38	-65.52	-146.82
9.38	-65.52	-146.82
9.38	-65.52	-146.82
9.38	-65.52	-146.82
9.38	-65.52	-146.82
9.38	-65.52	-146.82
15.51	-64.79	-144.73
15.51	-64.79	-144.73
15.51	-64.79	-144.73
15.51	-64.79	-144.73
15.51	-64.79	-144.73
15.51	-64.79	-144.73
15.51	-64.79	-144.73
15.51	-64.79	-144.73
15.51	-64.79	-144.73
15.51	-64.79	-144.73
15.51	-64.79	-144.73
19.84	-67.32	-142.64
19.84	-67.32	-142.64
19.84	-67.32	-142.64
19.84	-67.32	-142.64
19.84	-67.32	-142.64
20.57	-67.32	-140.21
20.57	-67.32	-140.21
20.57	-67.32	-140.21
20.57	-67.32	-140.21
20.57	-67.32	-140.21
20.57	-67.32	-140.21
22.55	-66.42	-140.03
22.55	-66.42	-140.03
22.55	-66.42	-140.03
22.55	-66.42	-140.03
22.55	-66.42	-140.03
23.63	-66.06	-136.55
23.63	-66.06	-136.55
23.63	-66.06	-136.55
23.63	-66.06	-136.55
23.63	-66.06	-136.55
27.6	-63.52	-131.68
27.6	-63.52	-131.68
27.6	-63.52	-131.68
27.6	-63.52	-131.68
27.6	-63.52	-131.68
31.57	-60.27	-130.99
31.57	-60.27	-130.99
31.57	-60.27	-130.99
31.57	-60.27	-130.99
31.57	-60.27	-130.99
31.57	-60.27	-130.99
35.9	-50.86	-128.2
35.9	-50.86	-128.2
35.9	-50.86	-128.2
35.9	-50.86	-128.2
35.9	-50.86	-128.2
35.9	-50.86	-128.2
35.9	-50.86	-128.2
35.9	-50.86	-128.2
35.9	-50.86	-128.2
35.9	-50.86	-128.2
35.9	-50.86	-128.2
35.9	-48.32	-121.24
35.9	-48.32	-121.24
35.9	-48.32	-121.24
35.9	-48.32	-121.24
35.9	-48.32	-121.24
31.21	-43.62	-115.68
31.21	-43.62	-115.68
31.21	-43.62	-115.68
31.21	-43.62	-115.68
31.21	-43.62	-115.68
31.21	-43.62	-115.68
30.31	-43.44	-113.77
30.31	-43.44	-113.77
30.31	-43.44	-113.77
30.31	-43.44	-113.77
30.31	-43.44	-113.77
29.58	-47.78	-111.68
29.58	-47.78	-111.68
29.58	-47.78	-111.68
29.58	-47.78	-111.68
29.58	-47.78	-111.68
31.75	-51.04	-110.29
31.75	-51.04	-110.29
31.75	-51.04	-110.29
31.75	-51.04	-110.29
31.75	-51.04	-110.29
27.6	-57.37	-114.29
27.6	-57.37	-114.29
27.6	-57.37	-114.29
27.6	-57.37	-114.29
27.6	-57.37	-114.29
27.6	-57.37	-114.29
16.6	-65.88	-115.16
16.6	-65.88	-115.16
16.6	-65.88	-115.16
16.6	-65.88	-115.16
16.6	-65.88	-115.16
16.6	-65.88	-115.16
16.6	-65.88	-115.16
16.6	-65.88	-115.16
16.6	-65.88	-115.16
16.6	-65.88	-115.16
16.6	-65.88	-115.16
11.36	-69.32	-122.98
11.36	-69.32	-122.98
11.36	-69.32	-122.98
11.36	-69.32	-122.98
11.36	-69.32	-122.98
8.66	-68.77	-123.16
8.66	-68.77	-123.16
8.66	-68.77	-123.16
8.66	-68.77	-123.16
8.66	-68.77	-123.16
8.66	-68.77	-123.16
10.46	-69.5	-127.33
10.46	-69.5	-127.33
10.46	-69.5	-127.33
10.46	-69.5	-127.33
10.46	-69.5	-127.33
22.37	-62.98	-129.07
22.37	-62.98	-129.07
22.37	-62.98	-129.07
22.37	-62.98	-129.07
22.37	-62.98	-129.07
31.75	-56.1	-132.2
31.75	-56.1	-132.2
31.75	-56.1	-132.2
31.75	-56.1	-132.2
31.75	-56.1	-132.2
20.02	-64.25	-141.08
20.02	-64.25	-141.08
20.02	-64.25	-141.08
20.02	-64.25	-141.08
20.02	-64.25	-141.08
20.02	-64.25	-141.08
7.22	-66.96	-143.34
7.22	-66.96	-143.34
7.22	-66.96	-143.34
7.22	-66.96	-143.34
7.22	-66.96	-143.34
7.22	-66.96	-143.34
7.22	-66.96	-143.34
7.22	-66.96	-143.34
7.22	-66.96	-143.34
7.22	-66.96	-143.34
7.22	-66.96	-143.34
0.9	-72.94	-130.99
0.9	-72.94	-130.99
0.9	-72.94	-130.99
0.9	-72.94	-130.99
0.9	-72.94	-130.99
1.98	-71.85	-133.77
1.98	-71.85	-133.77
1.98	-71.85	-133.77
1.98	-71.85	-133.77
1.98	-71.85	-133.77
17.68	-68.77	-133.94
19.48	-66.96	-132.9
19.48	-66.96	-132.9
19.48	-66.96	-132.9
19.48	-66.96	-132.9
19.48	-66.96	-132.9
26.16	-60.63	-132.03
26.16	-60.63	-132.03
26.16	-60.63	-132.03
26.16	-60.63	-132.03
26.16	-60.63	-132.03
35.0	-51.4	-128.38
35.0	-51.4	-128.38
35.0	-51.4	-128.38
35.0	-51.4	-128.38
35.0	-51.4	-128.38
37.16	-39.82	-128.03
37.16	-39.82	-128.03
37.16	-39.82	-128.03
37.16	-39.82	-128.03
37.16	-39.82	-128.03
38.42	-30.22	-129.94
38.06	-30.22	-129.94
38.06	-30.22	-129.94
38.06	-30.22	-129.94
38.06	-30.22	-129.94
38.06	-30.22	-129.94
35.54	-31.31	-129.25
35.54	-31.31	-129.25
35.54	-31.31	-129.25
35.54	-31.31	-129.25
35.54	-31.31	-129.25
35.54	-31.31	-129.25
35.54	-31.31	-129.25
35.54	-31.31	-129.25
35.54	-31.31	-129.25
35.54	-31.31	-129.25
35.54	-31.31	-129.25
34.28	-40.9	-128.72
34.28	-40.9	-128.72
34.28	-40.9	-128.72
34.28	-40.9	-128.72
34.28	-40.9	-128.72
32.11	-37.28	-123.85
31.75	-36.56	-122.46
31.75	-36.56	-122.46
31.75	-36.56	-122.46
31.75	-36.56	-122.46
31.75	-36.56	-122.46
23.99	-34.93	-112.9
23.99	-34.93	-112.9
23.99	-34.93	-112.9
23.99	-34.93	-112.9
23.99	-34.93	-112.9
17.5	-30.22	-110.81
17.5	-30.22	-110.81
17.5	-30.22	-110.81
17.5	-30.22	-110.81
17.5	-30.22	-110.81
14.25	-22.62	-109.76
14.25	-22.62	-109.76
14.25	-22.62	-109.76
14.25	-22.62	-109.76
14.25	-22.62	-109.76
10.1	-13.39	-113.42
10.1	-13.39	-113.42
10.1	-13.39	-113.42
10.1	-13.39	-113.42
10.1	-13.39	-113.42
10.1	-13.39	-113.42
11.18	-13.39	-113.07
11.18	-13.39	-113.07
11.18	-13.39	-113.07
11.18	-13.39	-113.07
11.18	-13.39	-113.07
11.18	-13.39	-113.07
11.18	-13.39	-113.07
11.18	-13.39	-113.07
11.18	-13.39	-113.07
11.18	-13.39	-113.07
11.18	-13.39	-113.07
2.16	-12.67	-113.07
2.16	-12.67	-113.07
2.16	-12.67	-113.07
2.16	-12.67	-113.07
2.16	-12.67	-113.07
2.71	-11.76	-113.59
2.71	-11.76	-113.59
2.71	-11.76	-113.59
2.71	-11.76	-113.59
2.71	-11.76	-113.59
2.71	-11.76	-113.59
4.15	-12.13	-111.85
4.15	-12.13	-111.85
4.15	-12.13	-111.85
4.15	-12.13	-111.85
4.15	-12.13	-111.85
5.77	-11.94	-112.37
5.77	-11.94	-112.37
5.77	-11.94	-112.37
5.77	-11.94	-112.37
5.77	-11.94	-112.37
7.22	-11.58	-113.77
7.22	-11.58	-113.77
7.22	-11.58	-113.77
7.22	-11.58	-113.77
7.22	-11.58	-113.77
8.84	-11.76	-113.94
8.84	-11.76	-113.94
8.84	-11.76	-113.94
8.84	-11.76	-113.94
8.84	-11.76	-113.94
8.84	-11.76	-113.94
14.61	-16.47	-110.81
14.61	-16.47	-110.81
14.61	-16.47	-110.81
14.61	-16.47	-110.81
14.61	-16.47	-110.81
14.61	-16.47	-110.81
14.61	-16.47	-110.81
14.61	-16.47	-110.81
14.61	-16.47	-110.81
14.61	-16.47	-110.81
14.61	-16.47	-110.81
14.61	-15.02	-113.59
14.61	-15.02	-113.59
14.61	-15.02	-113.59
14.61	-15.02	-113.59
14.61	-15.02	-113.59
18.04	-20.63	-111.33
18.04	-20.63	-111.33
18.04	-20.63	-111.33
18.04	-20.63	-111.33
18.04	-20.63	-111.33
18.04	-20.63	-111.33
21.47	-20.81	-111.5
21.47	-20.81	-111.5
21.47	-20.81	-111.5
21.47	-20.81	-111.5
21.47	-20.81	-111.5
20.57	-18.1	-114.11
20.57	-18.1	-114.11
20.57	-18.1	-114.11
20.57	-18.1	-114.11
20.57	-18.1	-114.11
24.35	-25.52	-112.55
24.35	-25.52	-112.55
24.35	-25.52	-112.55
24.35	-25.52	-112.55
24.35	-25.52	-112.55
26.34	-34.39	-111.68
26.34	-34.39	-111.68
26.34	-34.39	-111.68
26.34	-34.39	-111.68
26.34	-34.39	-111.68
26.34	-34.39	-111.68
26.88	-33.48	-112.2
26.88	-33.48	-112.2
26.88	-33.48	-112.2
26.88	-33.48	-112.2
26.88	-33.48	-112.2
26.88	-33.48	-112.2
26.88	-33.48	-112.2
26.88	-33.48	-112.2
26.88	-33.48	-112.2
26.88	-33.48	-112.2
26.88	-33.48	-112.2
26.88	-33.48	-112.2
26.88	-33.48	-112.2
26.88	-33.48	-112.2
26.88	-33.48	-112.2
26.88	-33.48	-112.2
29.58	-37.64	-114.81
29.58	-37.64	-114.81
29.58	-37.64	-114.81
29.58	-37.64	-114.81
29.58	-37.64	-114.81
29.58	-37.64	-114.81
29.22	-19.18	-120.72
29.22	-19.18	-120.72
29.22	-19.18	-120.72
29.22	-19.18	-120.72
29.22	-19.18	-120.72
26.34	-26.42	-114.11
26.34	-26.42	-114.11
26.34	-26.42	-114.11
26.34	-26.42	-114.11
26.34	-26.42	-114.11
27.6	-34.21	-110.81
27.6	-34.21	-110.81
27.6	-34.21	-110.81
27.6	-34.21	-110.81
27.6	-34.21	-110.81
26.52	-46.15	-110.81
26.52	-46.15	-110.81
26.52	-46.15	-110.81
26.52	-46.15	-110.81
26.52	-46.15	-110.81
26.52	-46.15	-110.81
23.27	-60.99	-120.9
23.27	-60.99	-120.9
23.27	-60.99	-120.9
23.27	-60.99	-120.9
23.27	-60.99	-120.9
23.09	-61.17	-121.07
23.09	-61.17	-121.07
23.09	-61.17	-121.07
23.09	-61.17	-121.07
23.09	-61.17	-121.07
23.09	-61.17	-121.07
23.09	-61.17	-121.07
23.09	-61.17	-121.07
23.09	-61.17	-121.07
23.09	-61.17	-121.07
23.09	-61.17	-121.07
26.16	-48.32	-108.37
26.16	-48.32	-108.37
26.16	-48.32	-108.37
26.16	-48.32	-108.37
26.16	-48.32	-108.37
26.16	-48.32	-108.37
29.77	-53.75	-115.33
29.77	-53.75	-115.33
29.77	-53.75	-115.33
29.77	-53.75	-115.33
29.77	-53.75	-115.33
29.4	-56.65	-128.9
29.4	-56.65	-128.9
29.4	-56.65	-128.9
29.4	-56.65	-128.9
29.4	-56.65	-128.9
26.88	-61.71	-142.12
26.88	-61.71	-142.12
26.88	-61.71	-142.12
26.88	-61.71	-142.12
26.88	-61.71	-142.12
22.55	-70.4	-135.51
22.55	-70.4	-135.51
22.55	-70.4	-135.51
22.55	-70.4	-135.51
22.55	-70.4	-135.51
22.55	-70.4	-135.51
29.77	-60.27	-132.73
29.77	-60.27	-132.73
29.77	-60.27	-132.73
29.77	-60.27	-132.73
29.77	-60.27	-132.73
36.26	-44.34	-127.51
36.26	-44.34	-127.51
36.26	-44.34	-127.51
36.26	-44.34	-127.51
36.26	-44.34	-127.51
36.26	-44.34	-127.51
36.26	-44.34	-127.51
36.26	-44.34	-127.51
36.26	-44.34	-127.51
36.26	-44.34	-127.51
36.26	-44.34	-127.51
25.98	-32.94	-113.77
25.98	-32.94	-113.77
25.98	-32.94	-113.77
25.98	-32.94	-113.77
25.98	-32.94	-113.77
25.98	-32.94	-113.77
25.07	-33.84	-110.46
25.07	-33.84	-110.46
25.07	-33.84	-110.46
25.07	-33.84	-110.46
25.07	-33.84	-110.46
27.42	-48.14	-113.77
27.42	-48.14	-113.77
27.42	-48.14	-113.77
27.42	-48.14	-113.77
27.42	-48.14	-113.77
14.79	-65.88	-114.81
14.79	-65.88	-114.81
14.79	-65.88	-114.81
14.79	-65.88	-114.81
14.79	-65.88	-114.81
-4.33	-69.5	-126.29
-4.33	-69.5	-126.29
-4.33	-69.5	-126.29
-4.33	-69.5	-126.29
-4.33	-69.5	-126.29
-4.33	-69.5	-126.29
14.07	-67.32	-118.98
14.07	-67.32	-118.98
14.07	-67.32	-118.98
14.07	-67.32	-118.98
14.07	-67.32	-118.98
14.07	-68.05	-120.72
14.07	-68.05	-120.72
14.07	-68.05	-120.72
14.07	-68.05	-120.72
14.07	-68.05	-120.72
14.07	-68.05	-120.72
14.07	-68.05	-120.72
14.07	-68.05	-120.72
14.07	-68.05	-120.72
14.07	-68.05	-120.72
14.07	-68.05	-120.72
-2.16	-70.94	-138.81
-2.16	-70.94	-138.81
-2.16	-70.94	-138.81
-2.16	-70.94	-138.81
-2.16	-70.94	-138.81
-2.16	-70.94	-138.81
-10.28	-70.4	-132.38
-10.28	-70.4	-132.38
-10.28	-70.4	-132.38
-10.28	-70.4	-132.38
-10.28	-70.4	-132.38
0.72	-77.82	-127.33
0.72	-77.82	-127.33
0.72	-77.82	-127.33
0.72	-77.82	-127.33
0.72	-77.82	-127.33
18.58	-76.19	-133.77
18.58	-76.19	-133.77
18.58	-76.19	-133.77
18.58	-76.19	-133.77
18.58	-76.19	-133.77
8.12	-78.73	-129.59
8.12	-78.73	-129.59
8.12	-78.73	-129.59
8.12	-78.73	-129.59
8.12	-78.73	-129.59
8.12	-78.73	-129.59
-7.58	-75.65	-128.72
-7.58	-75.65	-128.72
-7.58	-75.65	-128.72
-7.58	-75.65	-128.72
-7.58	-75.65	-128.72
-7.4	-74.38	-132.03
-7.4	-74.38	-132.03
-7.4	-74.38	-132.03
-7.4	-74.38	-132.03
-7.4	-74.38	-132.03
-7.4	-74.38	-132.03
-7.4	-74.38	-132.03
-7.4	-74.38	-132.03
-7.4	-74.38	-132.03
-7.4	-74.38	-132.03
-7.4	-74.38	-132.03
-8.12	-71.85	-142.82
-8.12	-71.85	-142.82
-8.12	-71.85	-142.82
-8.12	-71.85	-142.82
-8.12	-71.85	-142.82
-8.12	-71.85	-142.82
-12.99	-67.32	-148.9
-12.99	-67.32	-148.9
-12.99	-67.32	-148.9
-12.99	-67.32	-148.9
-12.99	-67.32	-148.9
-15.51	-64.43	-149.25
-15.51	-64.43	-149.25
-15.51	-64.43	-149.25
-15.51	-64.43	-149.25
-15.51	-64.43	-149.25
-13.71	-62.62	-153.43
-13.71	-62.62	-153.43
-13.71	-62.62	-153.43
-13.71	-62.62	-153.43
-13.71	-62.62	-153.43
-15.33	-59.18	-158.47
-15.33	-59.18	-158.47
-15.33	-59.18	-158.47
-15.33	-59.18	-158.47
-15.33	-59.18	-158.47
-15.33	-59.18	-158.47
-9.2	-66.78	-150.47
-9.2	-66.78	-150.47
-9.2	-66.78	-150.47
-9.2	-66.78	-150.47
-9.2	-66.78	-150.47
-4.69	-70.94	-142.64
-4.69	-70.94	-142.64
-4.69	-70.94	-142.64
-4.69	-70.94	-142.64
-4.69	-70.94	-142.64
-4.69	-70.94	-142.64
-4.69	-70.94	-142.64
-4.69	-70.94	-142.64
-4.69	-70.94	-142.64
-4.69	-70.94	-142.64
-4.69	-70.94	-142.64
-4.69	-70.94	-142.64
-4.69	-70.94	-142.64
-4.69	-70.94	-142.64
-4.69	-70.94	-142.64
-4.69	-70.94	-142.64
-4.69	-70.94	-142.64
-4.69	-70.94	-142.64
-4.69	-70.94	-142.64
-4.69	-70.94	-142.64
-4.69	-70.94	-142.64
-4.69	-70.94	-142.64
-19.84	-59.36	-150.3
-19.84	-59.36	-150.3
-19.84	-59.36	-150.3
-19.84	-59.36	-150.3
-19.84	-59.36	-150.3
-22.37	-49.23	-155.17
-22.37	-49.23	-155.17
-22.37	-49.23	-155.17
-22.37	-49.23	-155.17
-22.37	-49.23	-155.17
-23.99	-45.06	-156.04
-23.99	-45.06	-156.04
-23.99	-45.06	-156.04
-23.99	-45.06	-156.04
-23.99	-45.06	-156.04
-23.99	-45.06	-156.04
-24.71	-35.65	-159.86
-24.71	-35.65	-159.86
-24.71	-35.65	-159.86
-24.71	-35.65	-159.86
-24.71	-35.65	-159.86
-24.35	-32.4	-156.04
-24.35	-32.4	-156.04
-24.35	-32.4	-156.04
-24.35	-32.4	-156.04
-24.35	-32.4	-156.04
-23.63	-30.22	-156.04
-23.63	-30.22	-156.04
-23.63	-30.22	-156.04
-23.63	-30.22	-156.04
-23.63	-30.22	-156.04
-23.63	-30.22	-156.04
-23.63	-30.22	-156.04
-23.63	-30.22	-156.04
-23.63	-30.22	-156.04
-23.63	-30.22	-156.04
-23.63	-30.22	-156.04
-23.63	-30.22	-156.04
-23.63	-30.22	-156.04
-23.63	-30.22	-156.04
-23.63	-30.22	-156.04
-23.63	-30.22	-156.04
-23.63	-30.22	-156.04
2.89	-73.48	-142.99
2.89	-73.48	-142.99
2.89	-73.48	-142.99
2.89	-73.48	-142.99
2.89	-73.48	-142.99
18.94	-71.13	-130.29
18.94	-71.13	-130.29
18.94	-71.13	-130.29
18.94	-71.13	-130.29
18.94	-71.13	-130.29
26.88	-66.06	-126.12
26.88	-66.06	-126.12
26.88	-66.06	-126.12
26.88	-66.06	-126.12
26.88	-66.06	-126.12
26.88	-66.06	-126.12
0.72	-70.58	-126.29
0.72	-70.58	-126.29
0.72	-70.58	-126.29
0.72	-70.58	-126.29
0.72	-70.58	-126.29
-18.94	-57.37	-150.47
-18.94	-57.37	-150.47
-18.94	-57.37	-150.47
-18.94	-57.37	-150.47
-18.94	-57.37	-150.47
-22.19	-42.53	-155.69
-22.19	-42.53	-155.69
-22.19	-42.53	-155.69
-22.19	-42.53	-155.69
-22.19	-42.53	-155.69
-22.19	-42.53	-155.69
-22.19	-42.53	-155.69
-22.19	-42.53	-155.69
-22.19	-42.53	-155.69
-22.19	-42.53	-155.69
-22.19	-42.53	-155.69
-22.19	-42.53	-155.69
-22.19	-42.53	-155.69
-22.19	-42.53	-155.69
-22.19	-42.53	-155.69
-22.19	-42.53	-155.69
-22.19	-42.53	-155.69
-20.02	-54.84	-152.21
-20.02	-54.84	-152.21
-20.02	-54.84	-152.21
-20.02	-54.84	-152.21
-20.02	-54.84	-152.21
-21.65	-57.19	-146.47
-21.65	-57.19	-146.47
-21.65	-57.19	-146.47
-21.65	-57.19	-146.47
-21.65	-57.19	-146.47
-24.71	-47.6	-150.82
-24.71	-47.6	-150.82
-24.71	-47.6	-150.82
-24.71	-47.6	-150.82
-24.71	-47.6	-150.82
-24.71	-47.6	-150.82
-25.26	-36.92	-153.43
-25.26	-36.92	-153.43
-25.26	-36.92	-153.43
-25.26	-36.92	-153.43
-25.26	-36.92	-153.43
-26.52	-32.76	-151.86
-26.52	-32.76	-151.86
-26.52	-32.76	-151.86
-26.52	-32.76	-151.86
-26.52	-32.76	-151.86
-28.14	-48.14	-139.86
-28.14	-48.14	-139.86
-28.14	-48.14	-139.86
-28.14	-48.14	-139.86
-28.14	-48.14	-139.86
-28.68	-45.06	-131.33
-28.68	-45.06	-131.33
-28.68	-45.06	-131.33
-28.68	-45.06	-131.33
-28.68	-45.06	-131.33
-28.68	-45.06	-131.33
-25.8	-36.38	-123.33
-25.8	-36.38	-123.33
-25.8	-36.38	-123.33
-25.8	-36.38	-123.33
-25.8	-36.38	-123.33
-25.8	-36.38	-123.33
-25.8	-36.38	-123.33
-25.8	-36.38	-123.33
-25.8	-36.38	-123.33
-25.8	-36.38	-123.33
-25.8	-36.38	-123.33
-29.58	-41.99	-129.77
-29.58	-41.99	-129.77
-29.58	-41.99	-129.77
-29.58	-41.99	-129.77
-29.58	-41.99	-129.77
-26.7	-54.29	-138.12
-26.7	-54.29	-138.12
-26.7	-54.29	-138.12
-26.7	-54.29	-138.12
-26.7	-54.29	-138.12
0.0	-76.37	-143.34
6.13	-74.93	-144.03
6.13	-74.93	-144.03
6.13	-74.93	-144.03
6.13	-74.93	-144.03
6.13	-74.93	-144.03
23.09	-70.94	-134.29
23.09	-70.94	-134.29
23.09	-70.94	-134.29
23.09	-70.94	-134.29
23.09	-70.94	-134.29
29.04	-67.87	-132.03
29.04	-67.87	-132.03
29.04	-67.87	-132.03
29.04	-67.87	-132.03
29.04	-67.87	-132.03
27.6	-69.68	-128.2
27.6	-69.68	-128.2
27.6	-69.68	-128.2
27.6	-69.68	-128.2
27.6	-69.68	-128.2
27.6	-69.68	-128.2
27.24	-64.25	-118.11
27.24	-64.25	-118.11
27.24	-64.25	-118.11
27.24	-64.25	-118.11
27.24	-64.25	-118.11
27.24	-64.25	-118.11
27.24	-64.25	-118.11
27.24	-64.25	-118.11
27.24	-64.25	-118.11
27.24	-64.25	-118.11
27.24	-64.25	-118.11
14.07	-55.02	-101.59
14.07	-55.02	-101.59
14.07	-55.02	-101.59
14.07	-55.02	-101.59
14.07	-55.02	-101.59
2.71	-41.44	-97.59
2.71	-41.44	-97.59
2.71	-41.44	-97.59
2.71	-41.44	-97.59
2.71	-41.44	-97.59
1.44	-37.28	-98.46
2.89	-39.09	-99.85
2.89	-39.09	-99.85
2.89	-39.09	-99.85
2.89	-39.09	-99.85
2.89	-39.09	-99.85
10.28	-28.41	-100.37
10.28	-28.41	-100.37
10.28	-28.41	-100.37
10.28	-28.41	-100.37
10.28	-28.41	-100.37
17.68	-25.34	-102.28
17.68	-25.34	-102.28
17.68	-25.34	-102.28
17.68	-25.34	-102.28
17.68	-25.34	-102.28
16.96	-44.16	-101.59
16.96	-44.16	-101.59
16.96	-44.16	-101.59
16.96	-44.16	-101.59
16.96	-44.16	-101.59
16.96	-44.16	-101.59
16.96	-44.16	-101.59
16.96	-44.16	-101.59
16.96	-44.16	-101.59
16.96	-44.16	-101.59
16.96	-44.16	-101.59
16.96	-44.16	-101.59
16.96	-44.16	-101.59
16.96	-44.16	-101.59
16.96	-44.16	-101.59
16.96	-44.16	-101.59
16.96	-44.16	-101.59
25.44	-50.13	-106.98
25.44	-50.13	-106.98
25.44	-50.13	-106.98
25.44	-50.13	-106.98
25.44	-50.13	-106.98
26.16	-54.48	-109.42
26.16	-54.48	-109.42
26.16	-54.48	-109.42
26.16	-54.48	-109.42
26.16	-54.48	-109.42
26.7	-56.47	-108.2
26.52	-55.2	-109.76
26.52	-55.2	-109.76
26.52	-55.2	-109.76
26.52	-55.2	-109.76
26.52	-55.2	-109.76
23.99	-58.09	-108.37
23.99	-58.09	-108.37
23.99	-58.09	-108.37
23.99	-58.09	-108.37
23.99	-58.09	-108.37
18.22	-61.71	-106.63
18.22	-61.71	-106.63
18.22	-61.71	-106.63
18.22	-61.71	-106.63
18.22	-61.71	-106.63
13.71	-67.32	-112.03
13.71	-67.32	-112.03
13.71	-67.32	-112.03
13.71	-67.32	-112.03
13.71	-67.32	-112.03
13.71	-67.32	-112.03
13.71	-67.32	-112.03
13.71	-67.32	-112.03
13.71	-67.32	-112.03
13.71	-67.32	-112.03
13.71	-67.32	-112.03
13.71	-67.32	-112.03
13.71	-67.32	-112.03
13.71	-67.32	-112.03
13.71	-67.32	-112.03
13.71	-67.32	-112.03
13.71	-67.32	-112.03
13.71	-67.32	-112.03
13.71	-67.32	-112.03
13.71	-67.32	-112.03
13.71	-67.32	-112.03
13.71	-67.32	-112.03
3.97	-65.88	-108.2
3.97	-65.88	-108.2
3.97	-65.88	-108.2
3.97	-65.88	-108.2
3.97	-65.88	-108.2
-8.48	-62.08	-108.72
-8.48	-62.08	-108.72
-8.48	-62.08	-108.72
-8.48	-62.08	-108.72
-8.48	-62.08	-108.72
-8.48	-62.08	-108.72
-16.96	-52.48	-111.33
-16.96	-52.48	-111.33
-16.96	-52.48	-111.33
-16.96	-52.48	-111.33
-16.96	-52.48	-111.33
-23.63	-44.34	-112.9
-23.63	-44.34	-112.9
-23.63	-44.34	-112.9
-23.63	-44.34	-112.9
-23.63	-44.34	-112.9
-22.91	-40.0	-114.63
-22.91	-40.0	-114.63
-22.91	-40.0	-114.63
-22.91	-40.0	-114.63
-22.91	-40.0	-114.63
-25.26	-40.18	-114.81
-25.26	-40.18	-114.81
-25.26	-40.18	-114.81
-25.26	-40.18	-114.81
-25.26	-40.18	-114.81
-25.26	-40.18	-114.81
-22.73	-27.87	-122.46
-22.73	-27.87	-122.46
-22.73	-27.87	-122.46
-22.73	-27.87	-122.46
-22.73	-27.87	-122.46
-22.73	-27.87	-122.46
-22.73	-27.87	-122.46
-22.73	-27.87	-122.46
-22.73	-27.87	-122.46
-22.73	-27.87	-122.46
-22.73	-27.87	-122.46
-15.87	-12.31	-144.38
-15.87	-12.31	-144.38
-15.87	-12.31	-144.38
-15.87	-12.31	-144.38
-15.87	-12.31	-144.38
-10.1	-6.88	-146.47
-10.1	-6.88	-146.47
-10.1	-6.88	-146.47
-10.1	-6.88	-146.47
-10.1	-6.88	-146.47
-10.1	-6.88	-146.47
-3.97	-7.24	-150.3
-3.97	-7.24	-150.3
-3.97	-7.24	-150.3
-3.97	-7.24	-150.3
-3.97	-7.24	-150.3
-0.54	-5.97	-153.6
-0.54	-5.97	-153.6
-0.54	-5.97	-153.6
-0.54	-5.97	-153.6
-0.54	-5.97	-153.6
7.94	-4.34	-150.64
7.94	-4.34	-150.64
7.94	-4.34	-150.64
7.94	-4.34	-150.64
7.94	-4.34	-150.64
17.14	-5.61	-149.77
17.14	-5.61	-149.77
17.14	-5.61	-149.77
17.14	-5.61	-149.77
17.14	-5.61	-149.77
17.14	-5.61	-149.77
0.36	-2.9	-140.55
0.36	-2.9	-140.55
0.36	-2.9	-140.55
0.36	-2.9	-140.55
0.36	-2.9	-140.55
11.36	-6.7	-128.55
11.36	-6.7	-128.55
11.36	-6.7	-128.55
11.36	-6.7	-128.55
11.36	-6.7	-128.55
11.36	-6.7	-128.55
11.36	-6.7	-128.55
11.36	-6.7	-128.55
11.36	-6.7	-128.55
11.36	-6.7	-128.55
11.36	-6.7	-128.55
28.14	-22.8	-118.98
28.14	-22.8	-118.98
28.14	-22.8	-118.98
28.14	-22.8	-118.98
28.14	-22.8	-118.98
28.14	-22.8	-118.98
9.2	-5.61	-134.12
9.2	-5.61	-134.12
9.2	-5.61	-134.12
9.2	-5.61	-134.12
9.2	-5.61	-134.12
-12.99	-8.33	-154.12
-12.99	-8.33	-154.12
-12.99	-8.33	-154.12
-12.99	-8.33	-154.12
-12.99	-8.33	-154.12
-26.88	-38.91	-153.25
-26.88	-38.91	-153.25
-26.88	-38.91	-153.25
-26.88	-38.91	-153.25
-26.88	-38.91	-153.25
-21.47	-57.73	-136.2
-21.47	-57.73	-136.2
-21.47	-57.73	-136.2
-21.47	-57.73	-136.2
-21.47	-57.73	-136.2
-21.47	-57.73	-136.2
-15.15	-60.81	-119.33
-15.15	-60.81	-119.33
-15.15	-60.81	-119.33
-15.15	-60.81	-119.33
-15.15	-60.81	-119.33
-9.2	-62.44	-113.24
-9.2	-62.44	-113.24
-9.2	-62.44	-113.24
-9.2	-62.44	-113.24
-9.2	-62.44	-113.24
-9.2	-62.44	-113.24
-9.2	-62.44	-113.24
-9.2	-62.44	-113.24
-9.2	-62.44	-113.24
-9.2	-62.44	-113.24
-9.2	-62.44	-113.24
4.15	-55.92	-103.5
4.15	-55.92	-103.5
4.15	-55.92	-103.5
4.15	-55.92	-103.5
4.15	-55.92	-103.5
4.15	-55.92	-103.5
-6.31	-59.9	-106.98
-6.31	-59.9	-106.98
-6.31	-59.9	-106.98
-6.31	-59.9	-106.98
-6.31	-59.9	-106.98
2.89	-57.91	-102.98
2.89	-57.91	-102.98
2.89	-57.91	-102.98
2.89	-57.91	-102.98
2.89	-57.91	-102.98
9.38	-62.26	-105.42
9.38	-62.26	-105.42
9.38	-62.26	-105.42
9.38	-62.26	-105.42
9.38	-62.26	-105.42
11.36	-63.89	-108.02
11.36	-63.89	-108.02
11.36	-63.89	-108.02
11.36	-63.89	-108.02
11.36	-63.89	-108.02
11.36	-63.89	-108.02
13.35	-66.24	-110.29
13.35	-66.24	-110.29
13.35	-66.24	-110.29
13.35	-66.24	-110.29
13.35	-66.24	-110.29
17.14	-64.25	-113.24
17.14	-64.25	-113.24
17.14	-64.25	-113.24
17.14	-64.25	-113.24
17.14	-64.25	-113.24
16.42	-65.7	-113.24
16.42	-65.7	-113.24
16.42	-65.7	-113.24
16.42	-65.7	-113.24
16.42	-65.7	-113.24
16.42	-65.7	-113.24
16.42	-65.7	-113.24
16.42	-65.7	-113.24
16.42	-65.7	-113.24
16.42	-65.7	-113.24
16.42	-65.7	-113.24
16.42	-65.7	-113.24
16.42	-65.7	-113.24
16.42	-65.7	-113.24
16.42	-65.7	-113.24
16.42	-65.7	-113.24
16.42	-65.7	-113.24
-2.53	-66.6	-114.46
-2.53	-66.6	-114.46
-2.53	-66.6	-114.46
-2.53	-66.6	-114.46
-2.53	-66.6	-114.46
-15.33	-59.18	-119.85
-15.33	-59.18	-119.85
-15.33	-59.18	-119.85
-15.33	-59.18	-119.85
-15.33	-59.18	-119.85
-16.96	-58.64	-124.2
-16.96	-58.64	-124.2
-16.96	-58.64	-124.2
-16.96	-58.64	-124.2
-16.96	-58.64	-124.2
-16.96	-58.64	-124.2
-7.58	-57.91	-117.59
-7.58	-57.91	-117.59
-7.58	-57.91	-117.59
-7.58	-57.91	-117.59
-7.58	-57.91	-117.59
-5.77	-56.47	-115.5
-5.77	-56.47	-115.5
-5.77	-56.47	-115.5
-5.77	-56.47	-115.5
-5.77	-56.47	-115.5
0.9	-46.15	-104.89
0.9	-46.15	-104.89
0.9	-46.15	-104.89
0.9	-46.15	-104.89
0.9	-46.15	-104.89
0.9	-46.15	-104.89
0.9	-46.15	-104.89
0.9	-46.15	-104.89
0.9	-46.15	-104.89
0.9	-46.15	-104.89
0.9	-46.15	-104.89
0.9	-46.15	-104.89
0.9	-46.15	-104.89
0.9	-46.15	-104.89
0.9	-46.15	-104.89
0.9	-46.15	-104.89
0.9	-46.15	-104.89
15.87	-28.59	-105.76
15.87	-28.59	-105.76
15.87	-28.59	-105.76
15.87	-28.59	-105.76
15.87	-28.59	-105.76
16.96	-27.87	-106.11
16.96	-27.87	-106.11
16.96	-27.87	-106.11
16.96	-27.87	-106.11
16.96	-27.87	-106.11
16.96	-30.77	-105.76
16.96	-30.77	-105.76
16.96	-30.77	-105.76
16.96	-30.77	-105.76
16.96	-30.77	-105.76
16.96	-30.77	-105.76
16.42	-34.21	-105.59
16.42	-34.21	-105.59
16.42	-34.21	-105.59
16.42	-34.21	-105.59
16.42	-34.21	-105.59
15.87	-38.73	-104.72
15.87	-38.73	-104.72
15.87	-38.73	-104.72
15.87	-38.73	-104.72
15.87	-38.73	-104.72
15.69	-41.44	-103.5
15.69	-41.44	-103.5
15.69	-41.44	-103.5
15.69	-41.44	-103.5
15.69	-41.44	-103.5
16.78	-39.63	-105.24
16.78	-39.63	-105.24
16.78	-39.63	-105.24
16.78	-39.63	-105.24
16.78	-39.63	-105.24
16.78	-39.63	-105.24
8.48	-43.25	-103.85
8.48	-43.25	-103.85
8.48	-43.25	-103.85
8.48	-43.25	-103.85
8.48	-43.25	-103.85
8.48	-43.25	-103.85
8.48	-43.25	-103.85
8.48	-43.25	-103.85
8.48	-43.25	-103.85
8.48	-43.25	-103.85
8.48	-43.25	-103.85
-7.76	-37.46	-106.63
-7.76	-37.46	-106.63
-7.76	-37.46	-106.63
-7.76	-37.46	-106.63
-7.76	-37.46	-106.63
-7.94	-37.64	-106.11
-7.94	-37.64	-106.11
-7.94	-37.64	-106.11
-7.94	-37.64	-106.11
-7.94	-37.64	-106.11
-7.94	-37.64	-106.11
-11.73	-37.46	-106.98
-11.73	-37.46	-106.98
-11.73	-37.46	-106.98
-11.73	-37.46	-106.98
-11.73	-37.46	-106.98
-12.99	-31.85	-110.98
-12.99	-31.85	-110.98
-12.99	-31.85	-110.98
-12.99	-31.85	-110.98
-12.99	-31.85	-110.98
-15.69	-33.48	-112.55
-15.69	-33.48	-112.55
-15.69	-33.48	-112.55
-15.69	-33.48	-112.55
-15.69	-33.48	-112.55
-18.22	-34.57	-114.63
-18.22	-34.57	-114.63
-18.22	-34.57	-114.63
-18.22	-34.57	-114.63
-18.22	-34.57	-114.63
-18.22	-34.57	-114.63
-16.42	-38.55	-115.68
-16.42	-38.55	-115.68
-16.42	-38.55	-115.68
-16.42	-38.55	-115.68
-16.42	-38.55	-115.68
-14.61	-52.3	-118.81
-14.61	-52.3	-118.81
-14.61	-52.3	-118.81
-14.61	-52.3	-118.81
-14.61	-52.3	-118.81
-14.61	-52.3	-118.81
-14.61	-52.3	-118.81
-14.61	-52.3	-118.81
-14.61	-52.3	-118.81
-14.61	-52.3	-118.81
-14.61	-52.3	-118.81
-15.51	-45.25	-115.85
-15.51	-45.25	-115.85
-15.51	-45.25	-115.85
-15.51	-45.25	-115.85
-15.51	-45.25	-115.85
-15.51	-45.25	-115.85
-17.32	-44.16	-119.68
-17.32	-44.16	-119.68
-17.32	-44.16	-119.68
-17.32	-44.16	-119.68
-17.32	-44.16	-119.68
-10.28	-42.53	-111.85
-10.28	-42.53	-111.85
-10.28	-42.53	-111.85
-10.28	-42.53	-111.85
-10.28	-42.53	-111.85
-5.41	-41.26	-107.15
-5.41	-41.26	-107.15
-5.41	-41.26	-107.15
-5.41	-41.26	-107.15
-5.41	-41.26	-107.15
-1.98	-43.25	-105.94
-1.98	-43.25	-105.94
-1.98	-43.25	-105.94
-1.98	-43.25	-105.94
-1.98	-43.25	-105.94
-1.98	-43.25	-105.94
-3.79	-43.25	-106.29
-3.79	-43.25	-106.29
-3.79	-43.25	-106.29
-3.79	-43.25	-106.29
-3.79	-43.25	-106.29
-2.53	-43.8	-108.55
-2.53	-43.8	-108.55
-2.53	-43.8	-108.55
-2.53	-43.8	-108.55
-2.53	-43.8	-108.55
-2.53	-43.8	-108.55
-2.53	-43.8	-108.55
-2.53	-43.8	-108.55
-2.53	-43.8	-108.55
-2.53	-43.8	-108.55
-2.53	-43.8	-108.55
0.54	-37.1	-105.24
0.54	-37.1	-105.24
0.54	-37.1	-105.24
0.54	-37.1	-105.24
0.54	-37.1	-105.24
0.54	-37.1	-105.24
0.0	-28.59	-107.5
0.0	-28.59	-107.5
0.0	-28.59	-107.5
0.0	-28.59	-107.5
0.0	-28.59	-107.5
0.54	-20.81	-110.46
0.54	-20.81	-110.46
0.54	-20.81	-110.46
0.54	-20.81	-110.46
0.54	-20.81	-110.46
1.08	-21.72	-109.59
1.08	-21.72	-109.59
1.08	-21.72	-109.59
1.08	-21.72	-109.59
1.08	-21.72	-109.59
-3.25	-24.61	-108.2
-3.25	-24.61	-108.2
-3.25	-24.61	-108.2
-3.25	-24.61	-108.2
-3.25	-24.61	-108.2
-5.77	-26.06	-109.24
-5.77	-24.25	-109.24
-5.77	-24.25	-109.24
-5.77	-24.25	-109.24
-5.77	-24.25	-109.24
-5.77	-24.25	-109.24
-7.58	-24.25	-110.63
-7.58	-24.25	-110.63
-7.58	-24.25	-110.63
-7.58	-24.25	-110.63
-7.58	-24.25	-110.63
-9.2	-24.07	-110.46
-9.2	-24.07	-110.46
-9.2	-24.07	-110.46
-9.2	-24.07	-110.46
-9.2	-24.07	-110.46
-9.2	-24.07	-110.46
-9.2	-24.07	-110.46
-9.2	-24.07	-110.46
-9.2	-24.07	-110.46
-9.2	-24.07	-110.46
-9.2	-24.07	-110.46
-9.2	-24.07	-110.46
-9.2	-24.07	-110.46
-9.2	-24.07	-110.46
-9.2	-24.07	-110.46
-9.2	-24.07	-110.46
-9.2	-24.07	-110.46
-11.73	-29.86	-110.11
-11.73	-29.86	-110.11
-11.73	-29.86	-110.11
-11.73	-29.86	-110.11
-11.73	-29.86	-110.11
-9.2	-29.86	-109.42
-9.2	-29.86	-109.42
-9.2	-29.86	-109.42
-9.2	-29.86	-109.42
-9.2	-29.86	-109.42
-5.05	-28.23	-109.59
-5.05	-28.23	-109.59
-5.05	-28.23	-109.59
-5.05	-28.23	-109.59
-5.05	-28.23	-109.59
-2.35	-26.97	-107.33
-0.36	-27.87	-105.76
-0.36	-27.87	-105.76
-0.36	-27.87	-105.76
-0.36	-27.87	-105.76
-0.36	-27.87	-105.76
4.69	-26.42	-105.42
4.69	-26.42	-105.42
4.69	-26.42	-105.42
4.69	-26.42	-105.42
4.69	-26.42	-105.42
4.87	-28.05	-104.2
4.87	-28.05	-104.2
4.87	-28.05	-104.2
4.87	-28.05	-104.2
4.87	-28.05	-104.2
4.87	-28.05	-104.2
4.87	-28.05	-104.2
4.87	-28.05	-104.2
4.87	-28.05	-104.2
4.87	-28.05	-104.2
4.87	-28.05	-104.2
1.26	-27.69	-105.24
1.26	-27.69	-105.24
1.26	-27.69	-105.24
1.26	-27.69	-105.24
1.26	-27.69	-105.24
1.26	-27.69	-105.24
-5.77	-29.68	-106.81
-5.77	-29.68	-106.81
-5.77	-29.68	-106.81
-5.77	-29.68	-106.81
-5.77	-29.68	-106.81
-10.64	-30.59	-109.07
-10.64	-30.59	-109.07
-10.64	-30.59	-109.07
-10.64	-30.59	-109.07
-10.64	-30.59	-109.07
-8.66	-30.4	-106.11
-8.66	-30.4	-106.11
-8.66	-30.4	-106.11
-8.66	-30.4	-106.11
-8.66	-30.4	-106.11
-4.15	-36.02	-105.94
-4.15	-36.02	-105.94
-4.15	-36.02	-105.94
-4.15	-36.02	-105.94
-4.15	-36.02	-105.94
-4.15	-36.02	-105.94
-6.13	-23.17	-108.55
-6.13	-23.17	-108.55
-6.13	-23.17	-108.55
-6.13	-23.17	-108.55
-6.13	-23.17	-108.55
-7.04	-18.64	-110.46
-7.04	-18.64	-110.46
-7.04	-18.64	-110.46
-7.04	-18.64	-110.46
-7.04	-18.64	-110.46
-7.04	-18.64	-110.46
-7.04	-18.64	-110.46
-7.04	-18.64	-110.46
-7.04	-18.64	-110.46
-7.04	-18.64	-110.46
-7.04	-18.64	-110.46
-7.04	-18.64	-110.46
-7.04	-18.64	-110.46
-7.04	-18.64	-110.46
-7.04	-18.64	-110.46
-7.04	-18.64	-110.46
-7.04	-18.64	-110.46
-7.04	-18.64	-110.46
-7.04	-18.64	-110.46
-7.04	-18.64	-110.46
-7.04	-18.64	-110.46
-7.04	-18.64	-110.46
-8.48	-40.0	-106.29
-8.48	-40.0	-106.29
-8.48	-40.0	-106.29
-8.48	-40.0	-106.29
-8.48	-40.0	-106.29
-12.99	-37.64	-107.5
-12.99	-37.64	-107.5
-12.99	-37.64	-107.5
-12.99	-37.64	-107.5
-12.99	-37.64	-107.5
-8.66	-37.64	-103.33
-8.66	-37.64	-103.33
-8.66	-37.64	-103.33
-8.66	-37.64	-103.33
-8.66	-37.64	-103.33
-8.66	-37.64	-103.33
-1.44	-38.73	-101.59
-1.44	-38.73	-101.59
-1.44	-38.73	-101.59
-1.44	-38.73	-101.59
-1.44	-38.73	-101.59
1.26	-34.93	-102.81
1.26	-34.93	-102.81
1.26	-34.93	-102.81
1.26	-34.93	-102.81
1.26	-34.93	-102.81
-8.3	-30.77	-105.07
-8.3	-30.77	-105.07
-8.3	-30.77	-105.07
-8.3	-30.77	-105.07
-8.3	-30.77	-105.07
-8.3	-30.77	-105.07
-8.3	-30.77	-105.07
-8.3	-30.77	-105.07
-8.3	-30.77	-105.07
-8.3	-30.77	-105.07
-8.3	-30.77	-105.07
-8.3	-30.77	-105.07
-8.3	-30.77	-105.07
-8.3	-30.77	-105.07
-8.3	-30.77	-105.07
-8.3	-30.77	-105.07
-8.3	-30.77	-105.07
-14.79	-26.79	-102.63
-14.79	-26.79	-102.63
-14.79	-26.79	-102.63
-14.79	-26.79	-102.63
-14.79	-26.79	-102.63
-19.12	-29.68	-105.42
-19.12	-29.68	-105.42
-19.12	-29.68	-105.42
-19.12	-29.68	-105.42
-19.12	-29.68	-105.42
-17.86	-29.86	-105.24
-17.86	-29.86	-105.24
-17.86	-29.86	-105.24
-17.86	-29.86	-105.24
-17.86	-29.86	-105.24
-17.86	-29.86	-105.24
-18.4	-31.49	-106.11
-18.4	-31.49	-106.11
-18.4	-31.49	-106.11
-18.4	-31.49	-106.11
-18.4	-31.49	-106.11
-19.66	-29.5	-110.11
-19.66	-29.5	-110.11
-19.66	-29.5	-110.11
-19.66	-29.5	-110.11
-19.66	-29.5	-110.11
-19.3	-28.78	-108.72
-19.3	-28.78	-108.72
-19.3	-28.78	-108.72
-19.3	-28.78	-108.72
-19.3	-28.78	-108.72
-19.3	-27.69	-110.46
-19.3	-27.69	-110.46
-19.3	-27.69	-110.46
-19.3	-27.69	-110.46
-19.3	-27.69	-110.46
-19.3	-27.69	-110.46
-20.2	-27.87	-108.89
-20.2	-27.87	-108.89
-20.2	-27.87	-108.89
-20.2	-27.87	-108.89
-20.2	-27.87	-108.89
-20.2	-27.87	-108.89
-20.2	-27.87	-108.89
-20.2	-27.87	-108.89
-20.2	-27.87	-108.89
-20.2	-27.87	-108.89
-20.2	-27.87	-108.89
-20.02	-29.5	-110.81
-20.02	-29.5	-110.81
-20.02	-29.5	-110.81
-20.02	-29.5	-110.81
-20.02	-29.5	-110.81
-20.2	-31.85	-108.2
-20.2	-31.85	-108.2
-20.2	-31.85	-108.2
-20.2	-31.85	-108.2
-20.2	-31.85	-108.2
-20.2	-31.85	-108.2
-17.68	-30.77	-108.55
-17.68	-30.77	-108.55
-17.68	-30.77	-108.55
-17.68	-30.77	-108.55
-17.68	-30.77	-108.55
-18.76	-34.02	-108.89
-18.76	-34.02	-108.89
-18.76	-34.02	-108.89
-18.76	-34.02	-108.89
-18.76	-34.02	-108.89
-20.02	-47.6	-108.37
-20.02	-47.6	-108.37
-20.02	-47.6	-108.37
-20.02	-47.6	-108.37
-20.02	-47.6	-108.37
-20.93	-48.86	-109.59
-20.93	-48.86	-109.59
-20.93	-48.86	-109.59
-20.93	-48.86	-109.59
-20.93	-48.86	-109.59
-20.93	-48.86	-109.59
-19.12	-47.06	-107.85
-19.12	-47.06	-107.85
-19.12	-47.06	-107.85
-19.12	-47.06	-107.85
-19.12	-47.06	-107.85
-19.12	-47.06	-107.85
-19.12	-47.06	-107.85
-19.12	-47.06	-107.85
-19.12	-47.06	-107.85
-19.12	-47.06	-107.85
-19.12	-47.06	-107.85
-20.02	-50.13	-108.02
-20.02	-50.13	-108.02
-20.02	-50.13	-108.02
-20.02	-50.13	-108.02
-20.02	-50.13	-108.02
-17.5	-49.41	-102.11
-17.5	-49.41	-102.11
-17.5	-49.41	-102.11
-17.5	-49.41	-102.11
-17.5	-49.41	-102.11
-17.5	-49.41	-102.11
-14.97	-45.79	-100.72
-14.97	-45.79	-100.72
-14.97	-45.79	-100.72
-14.97	-45.79	-100.72
-14.97	-45.79	-100.72
-14.07	-45.25	-99.5
-14.07	-45.25	-99.5
-14.07	-45.25	-99.5
-14.07	-45.25	-99.5
-14.07	-45.25	-99.5
-14.97	-41.81	-99.33
-14.97	-41.81	-99.33
-14.97	-41.81	-99.33
-14.97	-41.81	-99.33
-14.97	-41.81	-99.33
-18.04	-33.3	-102.28
-18.04	-33.3	-102.28
-18.04	-33.3	-102.28
-18.04	-33.3	-102.28
-18.04	-33.3	-102.28
-18.04	-33.3	-102.28
-15.69	-27.33	-103.5
-15.69	-27.33	-103.5
-15.69	-27.33	-103.5
-15.69	-27.33	-103.5
-15.69	-27.33	-103.5
-17.14	-25.16	-106.98
-17.14	-25.16	-106.98
-17.14	-25.16	-106.98
-17.14	-25.16	-106.98
-17.14	-25.16	-106.98
-17.14	-25.16	-106.98
-17.14	-25.16	-106.98
-17.14	-25.16	-106.98
-17.14	-25.16	-106.98
-17.14	-25.16	-106.98
-17.14	-25.16	-106.98
-18.94	-16.83	-117.77
-18.94	-16.83	-117.77
-18.94	-16.83	-117.77
-18.94	-16.83	-117.77
-18.94	-16.83	-117.77
-18.94	-16.83	-117.77
-20.93	-22.08	-118.98
-20.93	-22.08	-118.98
-20.93	-22.08	-118.98
-20.93	-22.08	-118.98
-20.93	-22.08	-118.98
-22.37	-34.39	-107.85
-22.37	-34.39	-107.85
-22.37	-34.39	-107.85
-22.37	-34.39	-107.85
-22.37	-34.39	-107.85
-20.93	-50.31	-105.07
-20.93	-50.31	-105.07
-20.93	-50.31	-105.07
-20.93	-50.31	-105.07
-20.93	-50.31	-105.07
-16.06	-61.71	-108.37
-16.06	-61.71	-108.37
-16.06	-61.71	-108.37
-16.06	-61.71	-108.37
-16.06	-61.71	-108.37
-16.06	-61.71	-108.37
-14.43	-61.17	-108.89
-14.43	-61.17	-108.89
-14.43	-61.17	-108.89
-14.43	-61.17	-108.89
-14.43	-61.17	-108.89
-19.66	-60.63	-117.07
-19.66	-60.63	-117.07
-19.66	-60.63	-117.07
-19.66	-60.63	-117.07
-19.66	-60.63	-117.07
-19.66	-60.63	-117.07
-19.66	-60.63	-117.07
-19.66	-60.63	-117.07
-19.66	-60.63	-117.07
-19.66	-60.63	-117.07
-19.66	-60.63	-117.07
-18.94	-59.9	-114.63
-18.94	-59.9	-114.63
-18.94	-59.9	-114.63
-18.94	-59.9	-114.63
-18.94	-59.9	-114.63
-18.94	-59.9	-114.63
-12.45	-65.7	-117.77
-12.45	-65.7	-117.77
-12.45	-65.7	-117.77
-12.45	-65.7	-117.77
-12.45	-65.7	-117.77
-10.1	-65.15	-116.2
-10.1	-65.15	-116.2
-10.1	-65.15	-116.2
-10.1	-65.15	-116.2
-10.1	-65.15	-116.2
-12.09	-60.99	-113.59
-12.09	-60.99	-113.59
-12.09	-60.99	-113.59
-12.09	-60.99	-113.59
-12.09	-60.99	-113.59
-10.64	-61.71	-112.55
-10.64	-61.71	-112.55
-10.64	-61.71	-112.55
-10.64	-61.71	-112.55
-10.64	-61.71	-112.55
-10.64	-61.71	-112.55
-1.26	-57.37	-114.98
-1.26	-57.37	-114.98
-1.26	-57.37	-114.98
-1.26	-57.37	-114.98
-1.26	-57.37	-114.98
-0.54	-60.63	-120.9
-0.54	-60.63	-120.9
-0.54	-60.63	-120.9
-0.54	-60.63	-120.9
-0.54	-60.63	-120.9
-0.36	-63.34	-123.51
-0.36	-63.34	-123.51
-0.36	-63.34	-123.51
-0.36	-63.34	-123.51
-0.36	-63.34	-123.51
-0.36	-63.34	-123.51
-0.36	-63.34	-123.51
-0.36	-63.34	-123.51
-0.36	-63.34	-123.51
-0.36	-63.34	-123.51
-0.36	-63.34	-123.51
-0.36	-63.34	-123.51
-0.36	-63.34	-123.51
-0.36	-63.34	-123.51
-0.36	-63.34	-123.51
-0.36	-63.34	-123.51
-0.36	-63.34	-123.51
5.23	-67.51	-135.86
5.23	-67.51	-135.86
5.23	-67.51	-135.86
5.23	-67.51	-135.86
5.23	-67.51	-135.86
4.87	-67.87	-137.25
4.87	-67.87	-137.25
4.87	-67.87	-137.25
4.87	-67.87	-137.25
4.87	-67.87	-137.25
5.41	-66.96	-135.34
5.41	-66.96	-135.34
5.41	-66.96	-135.34
5.41	-66.96	-135.34
5.41	-66.96	-135.34
5.41	-66.96	-135.34
5.23	-66.42	-135.51
5.23	-66.42	-135.51
5.23	-66.42	-135.51
5.23	-66.42	-135.51
5.23	-66.42	-135.51
3.79	-66.78	-137.6
3.79	-66.78	-137.6
3.79	-66.78	-137.6
3.79	-66.78	-137.6
3.79	-66.78	-137.6
3.07	-66.06	-135.51
3.07	-66.06	-135.51
3.07	-66.06	-135.51
3.07	-66.06	-135.51
3.07	-66.06	-135.51
4.15	-66.06	-136.2
4.15	-66.06	-136.2
4.15	-66.06	-136.2
4.15	-66.06	-136.2
4.15	-66.06	-136.2
4.15	-66.06	-136.2
4.51	-65.7	-135.51
4.51	-65.7	-135.51
4.51	-65.7	-135.51
4.51	-65.7	-135.51
4.51	-65.7	-135.51
4.51	-65.7	-135.51
4.51	-65.7	-135.51
4.51	-65.7	-135.51
4.51	-65.7	-135.51
4.51	-65.7	-135.51
4.51	-65.7	-135.51
5.05	-65.88	-136.73
5.05	-65.88	-136.73
5.05	-65.88	-136.73
5.05	-65.88	-136.73
5.05	-65.88	-136.73
5.05	-67.32	-136.38
5.05	-67.32	-136.38
5.05	-67.32	-136.38
5.05	-67.32	-136.38
5.05	-67.32	-136.38
5.05	-67.32	-136.38
1.98	-66.42	-135.86
1.98	-66.42	-135.86
1.98	-66.42	-135.86
1.98	-66.42	-135.86
1.98	-66.42	-135.86
4.15	-66.78	-136.2
4.15	-66.78	-136.2
4.15	-66.78	-136.2
4.15	-66.78	-136.2
4.15	-66.78	-136.2
3.61	-67.69	-136.73
3.61	-67.69	-136.73
3.61	-67.69	-136.73
3.61	-67.69	-136.73
3.61	-67.69	-136.73
3.97	-66.96	-136.03
3.97	-66.96	-136.03
3.97	-66.96	-136.03
3.97	-66.96	-136.03
3.97	-66.96	-136.03
4.87	-66.78	-136.2
5.77	-66.24	-136.73
5.77	-66.24	-136.73
5.77	-66.24	-136.73
5.77	-66.24	-136.73
5.77	-66.24	-136.73
3.43	-66.42	-137.25
3.43	-66.42	-137.25
3.43	-66.42	-137.25
3.43	-66.42	-137.25
3.43	-66.42	-137.25
3.43	-66.42	-137.25
3.43	-66.42	-137.25
3.43	-66.42	-137.25
3.43	-66.42	-137.25
3.43	-66.42	-137.25
3.43	-66.42	-137.25
4.33	-66.24	-137.07
4.33	-66.24	-137.07
4.33	-66.24	-137.07
4.33	-66.24	-137.07
4.33	-66.24	-137.07
4.33	-66.24	-137.07
3.79	-66.78	-136.2
3.79	-66.78	-136.2
3.79	-66.78	-136.2
3.79	-66.78	-136.2
3.79	-66.78	-136.2
4.51	-66.42	-136.9
4.51	-66.42	-136.9
4.51	-66.42	-136.9
4.51	-66.42	-136.9
4.51	-66.42	-136.9
3.97	-65.88	-137.77
3.97	-65.88	-137.77
3.97	-65.88	-137.77
3.97	-65.88	-137.77
3.97	-65.88	-137.77
4.69	-66.96	-136.38
4.69	-66.96	-136.38
4.69	-66.96	-136.38
4.69	-66.96	-136.38
4.69	-66.96	-136.38
4.69	-67.69	-135.34
5.59	-66.78	-137.25
5.59	-66.78	-137.25
5.59	-66.78	-137.25
5.59	-66.78	-137.25
5.59	-66.78	-137.25
3.61	-66.24	-136.03
3.61	-66.24	-136.03
3.61	-66.24	-136.03
3.61	-66.24	-136.03
3.61	-66.24	-136.03
3.61	-66.24	-136.03
3.61	-66.24	-136.03
3.61	-66.24	-136.03
3.61	-66.24	-136.03
3.61	-66.24	-136.03
3.61	-66.24	-136.03
4.33	-68.05	-136.38
4.33	-68.05	-136.38
4.33	-68.05	-136.38
4.33	-68.05	-136.38
4.33	-68.05	-136.38
5.41	-67.69	-137.07
4.87	-68.23	-136.9
4.87	-68.23	-136.9
4.87	-68.23	-136.9
4.87	-68.23	-136.9
4.87	-68.23	-136.9
4.15	-67.87	-135.51
4.15	-67.87	-135.51
4.15	-67.87	-135.51
4.15	-67.87	-135.51
4.15	-67.87	-135.51
4.15	-67.51	-137.25
4.15	-67.51	-137.25
4.15	-67.51	-137.25
4.15	-67.51	-137.25
4.15	-67.51	-137.25
4.15	-66.42	-136.9
4.15	-66.42	-136.9
4.15	-66.42	-136.9
4.15	-66.42	-136.9
4.15	-66.42	-136.9
4.51	-68.23	-135.51
4.51	-68.23	-135.51
4.51	-68.23	-135.51
4.51	-68.23	-135.51
4.51	-68.23	-135.51
4.51	-68.23	-135.51
4.33	-66.96	-136.03
4.33	-66.96	-136.03
